n.input[] emission[] site[]   fert.index[]
     180    0.62      10       2
     180    0.45      10       2
     112    0.23       7       2
     100   0.153      29       2
     250       1       1       2
     100   0.216      29       2
     112    0.24       7       2
     112    0.89       7       2
     117    0.56       7       2
      82     0.1       7       2
     112     2.1       9       2
     112    2.39       9       2
     150    2.58       9       2
     225    2.82       9       2
     250   0.375       1       2
     225    3.25       9       2
     250       7       1       2
      52    0.35       7       2
     160   0.951     103       2
     200   0.597      69       2
     250   0.613       8       2
     100    0.07      29       2
     180    0.86      10       2
     180    1.92      10       2
     160   1.082     103       2
     180     4.4      10       2
     180    0.55      11       2
     180    1.37      11       2
     180    2.17      10       2
     180    3.62      11       2
     200   0.338      69       2
     250      15      12       2
     250    19.6      12       2
     100   0.065      29       2
     112    0.13      49       2
     100   0.078      29       2
     100   0.376      29       2
     363    1.37       7       2
     280     0.9      50       2
     100    0.05      86       2
     100    0.09      86       2
     450    4.54       9       2
     125   0.557       8       2
     110    0.53      57       2
      75    1.67       9       2
     112    1.52       9       2
     200   0.229      14       2
     300  0.9811     107       2
     112    0.15      49       2
     112     0.6      49       2
     225    3.17       9       2
     360    1.28      23       2
     100     1.5     101       2
     225    3.44       9       2
     180    1.74      11       2
     375    4.26       9       2
      52    0.35      48       2
     100   0.175      16       2
     300   0.997      16       2
     100   0.053      29       2
      82    0.09      49       2
     360     1.3      66       2
     100  0.1745      47       2
     168   0.291      42       2
     300   4.012      71       2
     300    11.4      71       2
     250    12.1      12       2
     300  0.9811      47       2
      52    0.15      48       2
      40    0.31      57       2
     360    0.75      66       2
     100   0.025      29       2
     120   0.097      14       2
     100  0.1745     107       2
     100    1.57      75       2
     100    7.19      75       2
     117    0.48      49       2
     300    2.54      75       2
     300    3.75       9       2
     200     2.5      73       2
     280      11      51       2
      40    0.19      57       2
     300    3.84      71       2
     360    0.69      23       2
     110    0.56      57       2
      52    0.35      49       2
     200    2.95      72       2
     200    0.76      72       2
     150   0.938      75       2
      80    0.16      98       2
      80     0.8      98       2
     363     1.2      49       2
      80     1.3      98       2
    45.3  0.3603      94       2
      80    1.09      98       2
     270    11.9      56       8
     270    13.8      56       8
     270     7.3      56       8
     150     4.8      56       8
     190    16.8      38       8
     190     9.6      38       8
     333     2.1      70       8
      93     5.3      70       8
     245     0.3      40       8
     410     1.2      40       8
     275     6.4      23       8
     275    0.48      23       8
     410     2.7      40       8
      92     1.5      70       8
     248   18.16      41       8
     410     6.1      40       8
     506   13.65      41       8
     181     3.6      19       8
     245     3.2      40       8
     278    2.55      41       8
     278   31.73      41       8
     100     4.4      92       4
      70     0.5      15       4
     140     8.6      15       4
      80       1      40       4
     140     5.6      15       4
     210  0.0128       4       4
      80     1.2      54       4
     100     3.7      92       4
     200     6.3      40       4
     285   0.004       4       4
     180    3.33      61       4
      70     0.9      15       4
     240    0.68       3       4
     208       8      90       4
     132     0.7      31       4
     260       3      31       4
     140     2.1      15       4
      70     1.3      28       4
     140       1      15       4
     100     3.7      92       4
     285  0.0088       4       4
      50   0.048      62       4
     200     0.3      40       4
      60   0.046      35       4
      80     0.9      40       4
     250     1.5      92       4
     250     1.8      92       4
     290     5.1      90       4
     270     7.8      58       4
     210  0.0088       4       4
     880    4.85      98       4
     112    0.99      74       4
     100     7.4      92       4
     100   0.585      99       4
      80     0.2      40       4
      70     1.5      15       4
     130     4.7      31       4
      60     5.2      56       4
     360     1.7      66       4
     170   1.306      44       4
     250     3.8      92       4
     210  0.0088       4       4
     170     5.5      56       4
     280     5.3      58       4
     310     3.5      58       4
     387     1.7      31       4
     200     0.6      40       4
     200     3.5      40       4
     190     1.2      31       4
     120   0.498      52       4
     165     2.4      31       4
     140    1.35      90       4
      80    0.84      54       4
     149    1.66      26       4
     360    0.98       3       4
     360     1.5      23       4
     120     0.8      90       4
     180     0.3      90       4
      90    2.31      61       4
      65     1.3      81       4
      80    4.16      98       4
     285  0.0128       4       4
     144    0.93      53       4
     200   3.454      62       4
     200     4.7      98       4
      60     5.7      56       4
     137       3      56       4
      37    2.02      37       4
     360       1      90       4
     250     3.9      92       4
     360    4.23      23       4
     300    17.1      31       4
     224    1.43      74       4
     427    27.6      31       4
     100   2.343      99       4
     159    0.26      62       4
     200    2.38      22       4
      80     0.4      40       4
      50   0.084      99       4
      90    1.23      53       4
     215    6.58      53       4
      75    1.62      37       4
     300    15.6      31       4
     210     0.4      28       4
      70     1.1      28       4
     315     9.4      31       4
      60    0.99      53       4
     295     8.4      97       4
     360       1      89       4
     360    2.24      89       4
      70     5.4      15       4
      40     0.4      54       4
     160     1.9      90       4
     120    0.38       3       4
     140     7.9      68       4
     120     1.4      54       4
     170     5.4      56       4
     170    2.09      44       4
      50     0.4      98       4
     400     4.3      54       4
     320     4.7      58       4
      80    6.64      98       4
     100     1.3      98       4
     285  0.0128       4       4
     150     1.9      98       4
     220    1.33      98       4
     300     9.4      98       4
     137     3.3      56       4
     170       3      56       4
     242    15.6      58       4
     210  0.0088       4       4
     100     1.3     100       4
      75   0.897      99       4
     168   11.91      30       4
     220    0.82      57       4
      60    0.09      57       4
      80     0.2      40       4
     298     5.3      31       4
      33     1.3      87       4
      66     1.6      87       4
      99     2.6      87       4
     170   1.359      44       4
     153    3.67      26       4
      56    0.93      74       4
     240     2.8      54       4
     108    1.16      53       4
     120     0.8      89       4
      90     0.5      53       4
     100    0.64      78       4
     250     3.5      84       4
     500       8      84       4
     180     0.3      89       4
      40     0.8      54       4
      60    0.92      53       4
     170     3.1      89       4
     440    2.65      98       4
     170    2.16      44       4
     322     9.9      58       4
     100   0.924      99       4
      30     2.7      56       4
      60    1.74      53       4
     250    3.25      83       4
     660    3.75      98       4
     360     4.1      66       4
     150    0.34      57       4
      75   0.828      99       4
      60    1.18      53       4
      90     0.2      53       4
      80     1.5      40       4
     168   1.155      30       4
      75   1.092      52       4
      85     6.5      80       4
     120     0.4      65       4
     100   0.523      99       4
     100    2.51     100       4
     150    2.27      53       4
      85     1.4      80       4
      75    1.07     100       4
     210     1.1      53       4
     150    2.36      57       4
      50    0.44     100       4
     175    6.41      96       3
      45  0.0332      35       3
     204    1.54      41       3
      45   0.045      98       3
     175    5.65      96       3
     144   0.794      78       3
     536     5.9      68       3
     152   0.953      78       3
     175    5.62      96       3
     672    1.64      95       3
      83    12.9      38       3
     440     0.2      40       3
     440     1.6      40       3
    1230    3.25      34       3
     500      15      25       3
135.2169    0.82      36       3
      45   0.045      98       3
      45   0.045      98       3
     144   0.635      78       3
      45   0.045      98       3
      45  0.0894      35       3
     152    1.01      78       3
99.15931    0.03      36       3
    1000       8      24       3
99.15931    0.16      36       3
     133  0.4966      94       3
     318    23.7      41       3
     124    1.12     106       3
     700     3.3      33       3
     150    0.39      67       3
     170     0.7      60       3
     339       1      60       3
     559    1.63      20       3
      60    2.68     100       3
      90    5.75     100       3
     100     1.4     104       3
99.15931    0.04      36       3
     150   0.434      67       3
    1000      10      24       3
     150   0.613       2       3
     267    0.78      41       3
135.2169    0.67      36       3
     225   1.275       5       3
135.2169    0.91      36       3
      83     9.4      38       3
     175    4.69      96       3
     356    4.19      74       3
     100    1.21     104       3
99.15931    0.22      36       3
     100    1.24     104       3
     162    0.51     104       3
     162    0.54     104       3
     672    3.87      95       3
135.2169    0.49      36       3
     150    1.84       2       3
     500     7.5      25       3
     492    9.35      22       3
     298     1.1      34       3
     138   0.866      78       3
     141    1.31      78       3
    1000      19      24       3
     124     0.3     106       3
     124    0.99     106       3
     228     7.3      39       3
      90   4.837      99       3
      75   3.156      99       3
      71    1.09      74       3
     162    0.65     104       3
     112  0.4255      94       3
     162    0.59     104       3
     100    0.69       1       1
     100    7.85       1       1
     100    16.2       1       1
     200     6.4      97       1
     100    0.03      86       1
     400       5     102       1
      80    4.16      98       1
      80    5.03      98       1
      80    9.39      98       1
      80     9.6      98       1
     400    1.25      34       1
     100     2.3      27       1
     180    0.44      10       1
     100   0.071      29       1
     100   0.001      29       1
     100   0.018      29       1
     100   0.017      29       1
     360    4.01      23       1
     200    0.22       6       1
     100   0.007      29       1
     360    1.63      23       1
     125   0.382       8       1
     250   0.358       8       1
     200     0.3       6       1
      57     3.5      76       1
     100   0.073      29       1
     140     0.3      32       1
     100    0.07      86       1
     100     6.9      34       1
     400       7     102       1
     170   1.085      44       1
     100   16.31      76       1
     700    13.4      33       1
     150    2.85      18       6
     150   0.428      62       6
     150   0.503      67       6
      75   0.975      18       6
     200  0.0658      21       6
     276    0.34     106       6
     250   0.056      21       6
     250  0.0853      21       6
     150    2.55      18       6
     200       2      18       6
      95    0.38      64       6
     200    0.44      62       6
     120     0.6      65       6
     276    0.28     106       6
     122  0.0173      47       6
      75   0.675      18       6
      94    0.33      64       6
      50   0.028      62       6
     250    5.57      20       6
     180    0.64      10       6
      80    0.56      98       6
     220    0.66      18       6
      86   0.712      91       6
     218   3.226      13       6
      50    1.47      20       6
     100    2.61      20       6
     180    0.77      10       6
     122  0.0099      47       6
     150   0.415      67       6
      84   0.011      64       6
     122  0.0225      47       6
     124    1.25      64       6
      86   0.749      91       6
     150   0.181      67       6
     170   1.088      44       6
     150   0.241      67       6
     180    0.57      10       6
     300   0.617      16       6
     100       2      59       6
     100       2      59       6
     150    3.53      20       6
     122 0.00001      47       6
     180   0.171      88       6
     218   1.651      13       6
      86   0.629      91       6
     168    0.45      30       6
     122  1.1215      47       6
     140     2.5      32       6
      86   0.905      91       6
     100    0.49      63       6
      86   1.092      91       6
     300    1.26     105       6
      34    0.11      64       6
     100  0.1702      47       6
      45   0.052      64       6
     180    0.24     105       6
     150   0.371      67       6
      90   0.108      88       6
      86   0.649      91       6
     150   0.147      67       6
      86   0.859      91       6
     360    3.05      66       6
     100    0.16      63       6
     360    3.01      23       6
     200   0.089      14       6
     200   0.259      14       6
      35    0.17      64       6
     180    0.09      88       6
      90   0.109      88       6
     175    7.31      96       6
      25     2.5      59       6
     168    0.18      30       6
     122  0.0365      47       6
      80    0.08      98       6
     160   1.562     103       6
      56     0.4      59       6
     100   0.467      16       6
     160   1.143     103       6
     300  0.6182     107       6
     160   1.934     103       6
     180     0.2     105       6
      80   0.787      78       6
     225   1.295       5       6
     300  0.6182      47       6
     125   0.503       8       6
     170     3.2      89       6
     100  0.1702     107       6
     336    2.96      95       6
     300    4.14     105       6
      86   1.012      91       6
     360     5.1      66       6
     450   0.295      77       6
     150    3.37      50       6
     200   0.638      14       6
     300    1.51     105       6
     552     1.3     106       6
      56       2      59       6
     276    0.35     106       6
     100     0.9      59       6
     450    0.69      77       6
      56     0.9      59       6
     360    5.21      23       6
     120   0.131      14       6
     160   0.415     103       6
      25     1.7      59       6
     200    2.18     105       6
     250   0.617       8       6
     336    26.4      85       7
     336    41.8      85       7
     336    20.2      85       7
     528    26.6      85       7
     528    29.2      85       7
   364.51.993248      17       7
   364.54.375296      17       7
     240   2.241      46       7
     176    26.9      85       7
     240    3.06      46       7
   364.51.689984      17       7
     176    19.6      85       7
     180     2.7      81       9
      90     1.8      81       9
     330   16.03      82       9
     200    7.98      55       9
     200    7.55      55       9
     140       8      82       9
      50     5.6      81       9
   152.8    1.52      79       9
     100    1.54      55       9
     100    0.66      55       9
     130     2.4      81       9
      90     3.6      81       9
     140     1.2      89       9
     360    2.94      23       9
     150     8.2      81       9
   234.1    2.29      79       9
     180     4.6      81       9
     150     5.3      81       9
     300     2.8      31       9
      50     6.2      81       9
     150   0.555      67       5
   422.5    2.14      47       5
     120   0.055      14       5
     192   0.028      14       5
   422.5    1.78      47       5
     237     5.2      19       5
     676     3.6     106       5
     400    2.81     106       5
     112   0.059      14       5
     220    1.32      18       5
     192   0.057      14       5
     200   0.121      14       5
     192   0.164      14       5
   422.5    4.72      47       5
     450   1.844       5       5
     150     1.2      43      10
     150    1.48      43      10
     153   0.153      45      10
     237   5.873      45      10
     150    1.16      43      10
     150   0.232      67      10
     262   2.003      45      10
      75    0.32      41      10
     162   0.938      45      10
     232   0.315      45      10
     150    0.99      43      10
     150    3.89      43      10
     150    0.55      43      10
     150    0.77      43      10
     150    0.94      43      10
     142    3.54      45      10
     150    5.17      43      10
     300   5.998      75      10
     150    1.12      43      10
     150    3.21      50      10
     195     4.8      93      10
     150    1.37      43      10
     150    2.06      43      10
     150    0.92      43      10
      69    0.82      74      10
     150    1.14      43      10
     150    1.23      43      10
     150    1.66      43      10
     150    1.67      43      10
END
